Plane=-17.449168 -13.788961 -25.491535 -0.003595 0.012647 -0.000045 0.999914
GPS.Origin=112.780393 27.082665 0.000000
Camera.CameraType=PinHole
Camera.Paraments=[1920,1080,1220.000000,1220.000000,960.000000,540.000000]
TrajectoryFile=$(Svar.ParsingPath)/trajectory.txt